500
girl0 0 4 0 2 1
girl1 3 0 1 0 1
girl2 4 1 4 0 1
girl3 4 4 4 1 1
girl4 2 4 4 2 0
girl5 2 3 0 2 2
girl6 3 0 3 2 2
girl7 1 2 2 0 0
girl8 2 2 2 2 0
girl9 2 0 3 2 0
girl10 2 4 1 2 0
girl11 2 3 4 1 2
girl12 4 4 0 2 0
girl13 4 2 4 0 2
girl14 2 3 3 2 0
girl15 0 4 0 0 0
girl16 0 0 4 1 1
girl17 0 0 3 2 1
girl18 0 2 4 1 2
girl19 3 0 4 0 1
girl20 0 3 0 1 1
girl21 2 3 4 2 0
girl22 3 1 0 2 1
girl23 4 2 3 1 2
girl24 4 2 3 0 0
girl25 3 1 2 0 0
girl26 0 0 4 2 0
girl27 3 2 2 0 0
girl28 1 0 0 0 0
girl29 1 4 2 1 0
girl30 1 3 4 2 0
girl31 0 3 2 1 2
girl32 4 4 2 1 2
girl33 2 3 3 1 2
girl34 4 0 0 1 1
girl35 0 3 4 1 1
girl36 0 1 4 1 0
girl37 0 4 3 0 2
girl38 3 0 0 0 1
girl39 0 1 1 0 1
girl40 4 4 0 0 1
girl41 0 2 2 1 2
girl42 1 2 4 0 0
girl43 0 2 2 2 1
girl44 3 3 2 1 0
girl45 2 2 4 2 1
girl46 2 2 4 1 1
girl47 2 1 0 0 0
girl48 3 4 0 0 1
girl49 4 0 2 1 1
girl50 3 4 3 1 2
girl51 1 1 4 2 2
girl52 2 3 1 0 0
girl53 0 1 4 0 2
girl54 4 1 1 2 2
girl55 4 2 2 1 0
girl56 1 3 0 1 0
girl57 4 1 0 0 0
girl58 3 2 0 2 1
girl59 4 0 4 1 2
girl60 1 3 1 0 1
girl61 1 0 4 0 0
girl62 3 0 1 1 0
girl63 1 3 2 2 2
girl64 1 0 2 1 1
girl65 1 1 4 1 2
girl66 2 1 3 2 0
girl67 3 4 2 2 1
girl68 2 1 3 1 1
girl69 3 3 0 1 1
girl70 3 1 1 0 0
girl71 0 2 2 0 0
girl72 4 2 1 2 0
girl73 3 0 1 1 2
girl74 3 4 1 0 1
girl75 4 3 4 1 2
girl76 1 3 0 0 2
girl77 2 4 2 0 1
girl78 0 0 0 2 0
girl79 4 1 4 0 1
girl80 1 4 1 1 2
girl81 4 3 0 2 2
girl82 4 1 2 0 2
girl83 1 0 0 0 2
girl84 2 0 3 2 1
girl85 1 1 1 2 0
girl86 2 0 4 0 0
girl87 1 1 1 0 0
girl88 1 1 4 0 2
girl89 2 0 2 2 2
girl90 0 1 4 2 1
girl91 2 3 0 0 1
girl92 4 3 3 0 0
girl93 0 0 4 1 2
girl94 4 0 2 1 2
girl95 0 1 3 1 1
girl96 0 0 0 0 0
girl97 3 1 0 1 0
girl98 3 1 2 1 0
girl99 4 0 2 2 2
girl100 4 1 1 1 2
girl101 0 2 4 0 0
girl102 2 3 3 0 1
girl103 1 4 3 2 1
girl104 3 4 0 0 0
girl105 1 0 0 0 0
girl106 0 3 2 1 0
girl107 2 3 4 2 0
girl108 1 1 4 0 2
girl109 1 3 2 2 1
girl110 2 0 2 1 1
girl111 4 0 3 2 0
girl112 3 4 1 2 2
girl113 2 1 1 2 1
girl114 4 1 2 2 1
girl115 0 3 3 2 2
girl116 4 0 4 1 1
girl117 1 1 1 1 2
girl118 3 1 0 0 2
girl119 4 2 4 2 1
girl120 0 0 1 0 1
girl121 2 2 2 1 1
girl122 1 3 2 0 2
girl123 1 4 2 0 1
girl124 3 3 1 0 0
girl125 0 1 2 2 2
girl126 4 2 1 0 1
girl127 3 3 4 2 1
girl128 2 2 1 0 1
girl129 4 4 1 0 1
girl130 2 3 0 0 0
girl131 4 1 1 2 0
girl132 0 1 3 2 2
girl133 4 2 2 2 0
girl134 3 3 4 0 1
girl135 2 0 0 2 2
girl136 2 1 1 2 1
girl137 4 3 1 2 0
girl138 0 2 0 1 0
girl139 0 2 3 1 0
girl140 1 2 0 0 0
girl141 0 4 3 0 0
girl142 3 0 2 1 0
girl143 2 2 0 0 2
girl144 0 0 2 0 2
girl145 3 3 0 1 1
girl146 0 4 3 2 1
girl147 1 4 2 0 2
girl148 0 4 3 1 1
girl149 2 1 0 0 0
girl150 1 3 1 2 0
girl151 4 0 1 1 2
girl152 3 2 0 0 0
girl153 3 1 0 2 0
girl154 3 2 4 2 2
girl155 0 4 0 1 2
girl156 4 0 0 2 2
girl157 2 4 1 0 0
girl158 3 0 2 1 0
girl159 0 3 1 1 2
girl160 3 2 0 0 2
girl161 2 2 1 2 2
girl162 2 1 3 0 1
girl163 1 2 0 2 0
girl164 2 4 0 0 0
girl165 2 3 2 2 0
girl166 4 0 3 1 0
girl167 3 1 4 0 2
girl168 0 0 1 0 0
girl169 0 4 4 0 1
girl170 0 4 3 2 0
girl171 0 1 2 2 2
girl172 3 4 0 1 0
girl173 1 1 0 0 0
girl174 0 2 0 1 0
girl175 3 2 3 1 1
girl176 0 1 1 2 0
girl177 2 4 3 0 1
girl178 3 2 3 0 1
girl179 3 4 3 2 1
girl180 2 1 0 2 2
girl181 3 0 3 2 1
girl182 1 2 2 1 1
girl183 3 1 3 1 0
girl184 0 3 2 1 0
girl185 0 2 4 0 1
girl186 3 1 4 0 2
girl187 0 3 4 0 1
girl188 4 4 1 2 2
girl189 3 2 1 2 0
girl190 4 1 2 2 0
girl191 4 4 3 2 2
girl192 3 2 0 0 1
girl193 3 3 0 2 0
girl194 2 4 3 0 2
girl195 0 2 2 1 2
girl196 2 4 2 1 0
girl197 3 0 1 2 2
girl198 3 4 3 1 1
girl199 1 3 0 0 1
girl200 4 4 3 1 1
girl201 0 1 0 0 2
girl202 4 4 0 1 1
girl203 4 0 4 1 0
girl204 3 2 2 2 2
girl205 3 4 3 2 1
girl206 0 0 4 0 1
girl207 1 4 1 0 1
girl208 4 4 0 1 1
girl209 1 0 1 0 1
girl210 3 3 2 2 2
girl211 4 0 2 2 0
girl212 1 3 3 0 1
girl213 3 3 0 1 2
girl214 0 2 1 2 2
girl215 4 4 3 0 2
girl216 2 2 3 1 0
girl217 2 0 1 0 2
girl218 3 4 0 1 0
girl219 2 2 2 0 2
girl220 0 1 4 0 2
girl221 1 0 1 0 2
girl222 4 4 4 0 2
girl223 3 3 0 1 2
girl224 1 4 4 2 1
girl225 2 4 4 0 1
girl226 2 3 4 0 1
girl227 1 0 2 2 2
girl228 1 1 0 0 1
girl229 1 0 1 1 1
girl230 1 2 0 1 1
girl231 4 2 0 0 2
girl232 1 4 2 1 0
girl233 1 3 1 2 0
girl234 0 0 0 1 0
girl235 3 1 4 2 1
girl236 1 0 1 2 0
girl237 3 0 0 0 1
girl238 2 0 0 0 0
girl239 0 2 1 1 0
girl240 4 0 3 2 2
girl241 2 0 1 1 0
girl242 4 3 0 2 0
girl243 0 1 0 2 2
girl244 2 3 1 0 1
girl245 1 4 2 2 2
girl246 3 1 2 1 0
girl247 1 3 1 1 1
girl248 2 0 3 1 1
girl249 2 2 0 2 2
girl250 4 1 0 1 1
girl251 2 4 0 1 1
girl252 0 4 1 0 0
girl253 1 0 1 1 1
girl254 0 0 2 1 2
girl255 3 3 0 0 2
girl256 0 3 0 2 0
girl257 1 1 3 1 1
girl258 4 4 1 2 0
girl259 4 4 0 2 0
girl260 0 1 2 0 1
girl261 0 4 2 0 2
girl262 0 1 0 2 0
girl263 2 0 0 0 2
girl264 1 3 2 1 0
girl265 4 0 2 2 2
girl266 4 0 1 1 2
girl267 2 0 3 0 1
girl268 3 0 0 0 1
girl269 0 0 3 1 2
girl270 0 0 4 2 0
girl271 3 1 4 1 2
girl272 4 3 3 2 2
girl273 1 0 1 1 1
girl274 0 3 2 1 0
girl275 2 2 3 2 1
girl276 1 0 4 1 0
girl277 4 1 2 0 1
girl278 4 1 4 1 1
girl279 2 0 1 1 0
girl280 4 1 3 0 0
girl281 2 1 4 0 0
girl282 1 1 3 1 2
girl283 0 1 1 2 2
girl284 0 0 1 1 0
girl285 1 2 0 0 0
girl286 4 2 1 2 0
girl287 0 1 0 0 2
girl288 0 0 3 2 1
girl289 1 2 2 2 0
girl290 2 1 4 2 0
girl291 0 3 3 1 1
girl292 2 1 2 0 0
girl293 2 0 3 2 1
girl294 4 0 3 0 0
girl295 3 4 1 1 1
girl296 0 0 4 0 1
girl297 1 1 0 0 1
girl298 1 2 0 2 1
girl299 4 0 4 0 1
girl300 1 4 3 2 2
girl301 1 4 1 1 1
girl302 0 1 4 0 2
girl303 2 3 0 2 0
girl304 1 3 3 2 0
girl305 0 0 0 1 0
girl306 4 2 3 2 1
girl307 3 0 0 2 2
girl308 4 4 3 2 2
girl309 2 0 4 1 2
girl310 4 2 2 1 2
girl311 1 1 2 1 0
girl312 1 2 0 1 1
girl313 2 1 0 2 0
girl314 2 4 0 2 0
girl315 0 1 2 0 2
girl316 3 3 1 1 0
girl317 0 2 1 1 2
girl318 2 3 0 0 0
girl319 1 4 1 1 2
girl320 3 1 2 2 2
girl321 4 0 2 0 2
girl322 3 0 2 0 1
girl323 2 2 1 2 1
girl324 3 4 3 1 1
girl325 1 3 3 1 1
girl326 2 1 1 2 2
girl327 3 2 1 2 0
girl328 1 2 4 1 0
girl329 0 1 4 0 0
girl330 2 1 3 2 2
girl331 0 3 2 2 1
girl332 4 0 0 2 2
girl333 3 4 2 0 0
girl334 0 4 3 2 2
girl335 4 1 4 0 0
girl336 1 4 2 1 0
girl337 3 2 2 2 1
girl338 1 3 0 2 2
girl339 3 1 4 1 0
girl340 0 3 1 2 1
girl341 1 4 0 1 1
girl342 1 3 2 1 1
girl343 2 0 2 0 0
girl344 4 0 0 0 2
girl345 3 4 3 1 1
girl346 3 2 2 0 2
girl347 4 2 1 2 0
girl348 3 1 3 0 1
girl349 0 4 4 1 2
girl350 0 3 1 2 0
girl351 0 4 0 0 0
girl352 1 4 0 1 0
girl353 1 1 0 2 0
girl354 3 4 4 2 2
girl355 1 1 0 1 0
girl356 1 3 3 2 2
girl357 1 4 4 0 1
girl358 4 2 0 0 2
girl359 0 1 1 0 2
girl360 2 0 1 0 1
girl361 2 2 4 1 2
girl362 2 2 2 2 2
girl363 4 2 2 1 1
girl364 0 3 1 2 1
girl365 4 0 2 1 2
girl366 1 3 2 2 0
girl367 1 3 0 2 1
girl368 0 2 4 2 1
girl369 1 4 1 0 0
girl370 2 4 2 2 0
girl371 1 2 1 0 1
girl372 0 0 2 1 0
girl373 3 4 3 2 0
girl374 2 2 2 0 0
girl375 4 1 1 1 0
girl376 1 3 2 1 0
girl377 1 4 2 0 2
girl378 2 0 2 0 1
girl379 4 1 1 1 1
girl380 0 0 4 2 1
girl381 3 1 2 0 0
girl382 3 2 1 1 0
girl383 1 3 1 1 1
girl384 2 0 4 0 0
girl385 0 1 1 0 2
girl386 0 1 2 2 1
girl387 1 1 0 2 1
girl388 4 4 2 0 1
girl389 2 1 1 2 2
girl390 3 1 0 1 1
girl391 2 1 3 2 0
girl392 0 0 1 2 1
girl393 4 0 0 1 0
girl394 1 3 4 0 2
girl395 0 0 3 1 1
girl396 3 4 4 1 1
girl397 3 3 1 1 2
girl398 3 1 2 2 2
girl399 2 0 4 0 0
girl400 0 0 2 1 1
girl401 2 3 4 1 1
girl402 1 4 4 0 0
girl403 1 2 3 1 2
girl404 3 0 2 1 1
girl405 0 2 4 2 1
girl406 0 1 2 2 1
girl407 0 3 2 0 0
girl408 1 4 4 2 2
girl409 0 3 2 1 0
girl410 4 0 1 1 1
girl411 0 0 0 0 2
girl412 2 1 0 0 2
girl413 1 0 2 0 0
girl414 4 0 1 1 0
girl415 2 1 1 1 1
girl416 2 0 3 1 1
girl417 1 3 3 2 1
girl418 3 2 3 0 0
girl419 3 2 1 0 0
girl420 0 2 3 0 0
girl421 0 1 4 0 0
girl422 3 3 1 1 1
girl423 3 2 0 0 0
girl424 4 1 3 1 0
girl425 0 1 3 1 2
girl426 3 3 3 1 0
girl427 1 2 4 1 2
girl428 3 3 2 0 2
girl429 0 3 2 2 2
girl430 4 0 0 0 1
girl431 2 1 0 1 1
girl432 0 3 3 1 1
girl433 4 0 0 2 2
girl434 0 3 2 0 2
girl435 1 4 4 0 1
girl436 1 3 2 2 2
girl437 3 0 1 1 0
girl438 1 3 2 2 2
girl439 0 3 4 2 1
girl440 2 2 1 2 0
girl441 0 0 4 1 0
girl442 2 0 3 0 1
girl443 4 4 3 0 2
girl444 2 2 4 2 1
girl445 4 1 1 0 2
girl446 0 4 4 2 0
girl447 2 0 3 2 0
girl448 0 1 4 0 1
girl449 3 2 4 0 0
girl450 0 3 1 0 0
girl451 1 3 1 1 0
girl452 1 4 1 0 2
girl453 0 4 3 2 0
girl454 0 0 1 0 0
girl455 3 3 2 0 0
girl456 0 1 4 1 1
girl457 1 4 2 1 0
girl458 2 1 4 0 0
girl459 2 4 2 2 2
girl460 1 4 3 2 1
girl461 3 1 0 2 1
girl462 4 1 1 0 0
girl463 3 1 0 1 1
girl464 4 2 2 1 2
girl465 1 1 0 2 1
girl466 0 4 0 0 0
girl467 0 0 2 0 1
girl468 3 4 4 1 1
girl469 4 0 0 2 0
girl470 4 3 2 1 0
girl471 4 4 4 2 2
girl472 1 2 3 1 2
girl473 1 1 0 1 2
girl474 2 2 0 2 2
girl475 3 4 1 1 2
girl476 4 3 3 2 1
girl477 3 1 3 1 0
girl478 3 0 4 2 2
girl479 2 2 2 0 1
girl480 4 3 2 2 0
girl481 1 4 2 0 1
girl482 1 0 3 0 0
girl483 3 1 4 0 1
girl484 1 3 3 0 0
girl485 3 4 1 2 1
girl486 2 3 3 1 1
girl487 2 0 0 2 0
girl488 1 2 3 2 1
girl489 4 1 3 0 2
girl490 2 2 4 2 2
girl491 2 1 0 2 2
girl492 3 4 4 0 0
girl493 4 1 0 0 2
girl494 2 4 2 1 2
girl495 2 2 4 0 2
girl496 1 4 2 1 2
girl497 0 2 1 2 2
girl498 4 0 0 0 0
girl499 4 0 1 1 0
500
boy0 3 2 8072 1 0
boy1 3 3 9379 2 3
boy2 4 1 5007 0 0
boy3 3 3 4811 0 4
boy4 2 0 3186 0 1
boy5 0 2 1615 2 0
boy6 4 0 1438 0 2
boy7 0 1 9335 1 0
boy8 0 1 5269 2 0
boy9 0 2 2196 0 1
boy10 2 1 588 0 4
boy11 4 1 700 2 3
boy12 4 4 7995 2 1
boy13 4 4 1403 0 4
boy14 2 4 1040 1 3
boy15 0 4 6956 2 2
boy16 2 1 2317 1 1
boy17 1 2 5919 2 0
boy18 0 3 5452 0 4
boy19 4 2 7461 2 4
boy20 3 4 2966 0 0
boy21 3 0 969 2 3
boy22 0 4 5887 0 0
boy23 0 0 7915 2 0
boy24 1 0 7832 0 0
boy25 0 4 3505 0 3
boy26 2 4 3408 2 0
boy27 0 0 196 2 0
boy28 4 3 4650 0 0
boy29 1 0 3917 2 2
boy30 0 4 4818 1 3
boy31 0 0 6609 1 0
boy32 3 3 5086 0 4
boy33 1 4 2466 1 1
boy34 4 4 8942 2 2
boy35 3 0 2569 2 4
boy36 1 2 6876 2 3
boy37 1 4 2953 2 2
boy38 2 0 8213 2 4
boy39 2 2 5922 1 1
boy40 4 3 6476 2 3
boy41 2 3 7273 2 1
boy42 4 1 8378 0 3
boy43 2 1 2755 2 2
boy44 4 0 9919 0 0
boy45 2 1 1350 1 2
boy46 3 4 6482 0 1
boy47 0 2 3150 0 0
boy48 4 2 5463 0 4
boy49 1 1 6060 0 3
boy50 3 4 210 0 0
boy51 2 0 6474 2 1
boy52 0 3 8306 0 3
boy53 4 2 7440 0 3
boy54 0 4 9303 2 1
boy55 3 1 9840 0 3
boy56 3 1 4222 0 4
boy57 0 2 6961 1 0
boy58 4 4 2991 1 1
boy59 4 0 6820 1 3
boy60 1 1 3393 0 0
boy61 1 3 2725 2 0
boy62 0 0 8040 0 2
boy63 2 3 8919 0 0
boy64 3 4 1358 0 1
boy65 1 3 68 1 2
boy66 3 4 8629 0 2
boy67 2 1 227 2 0
boy68 1 1 7289 2 0
boy69 4 1 1990 2 2
boy70 1 0 5468 2 3
boy71 4 3 794 2 4
boy72 3 2 8458 2 2
boy73 2 4 7669 1 1
boy74 0 2 4957 0 1
boy75 4 0 9131 1 2
boy76 3 2 8582 2 2
boy77 4 3 8647 0 0
boy78 4 0 1542 0 3
boy79 2 3 7699 0 4
boy80 4 4 2226 1 0
boy81 4 4 9121 1 4
boy82 2 1 2092 2 4
boy83 1 0 6199 0 2
boy84 4 3 5445 1 0
boy85 1 1 4763 1 4
boy86 3 0 9233 2 4
boy87 2 4 9911 2 3
boy88 1 4 9754 1 0
boy89 1 2 573 0 1
boy90 0 4 8411 1 2
boy91 4 0 1406 1 0
boy92 4 2 1576 2 4
boy93 4 0 2769 2 4
boy94 2 2 3569 0 3
boy95 4 1 1845 1 1
boy96 2 0 7569 1 2
boy97 0 1 9602 2 2
boy98 4 4 7780 1 3
boy99 3 3 3714 0 4
boy100 2 1 7324 1 4
boy101 0 4 8083 0 4
boy102 2 0 1428 0 3
boy103 3 1 572 0 0
boy104 4 2 5960 2 3
boy105 1 0 9817 2 1
boy106 3 0 7713 1 2
boy107 1 0 2395 1 2
boy108 4 1 4692 0 1
boy109 4 0 4120 0 1
boy110 1 2 4018 2 2
boy111 3 1 1300 2 4
boy112 3 0 7189 0 3
boy113 4 1 4821 0 1
boy114 0 0 5314 1 1
boy115 4 3 6831 2 2
boy116 4 0 4889 0 0
boy117 0 4 5537 0 4
boy118 4 0 8938 1 3
boy119 3 4 230 0 2
boy120 1 1 3553 0 2
boy121 2 1 3794 2 0
boy122 0 1 3629 2 0
boy123 2 1 7698 2 2
boy124 0 1 3891 0 1
boy125 4 1 6738 1 1
boy126 3 3 1201 2 3
boy127 2 2 7085 1 4
boy128 4 1 2703 1 3
boy129 2 0 8267 0 2
boy130 4 0 37 1 1
boy131 1 0 6493 1 3
boy132 4 2 1730 0 1
boy133 3 1 6520 1 2
boy134 0 0 2724 2 2
boy135 3 3 2204 1 4
boy136 2 0 4284 0 1
boy137 1 4 9222 1 1
boy138 2 4 7545 1 2
boy139 1 3 872 1 2
boy140 4 2 4163 2 0
boy141 4 1 5622 2 0
boy142 1 4 3352 0 1
boy143 3 1 8040 0 2
boy144 1 1 3915 0 1
boy145 4 2 2818 2 1
boy146 0 3 2572 1 0
boy147 2 3 8602 0 2
boy148 2 4 7386 2 0
boy149 0 4 139 2 4
boy150 4 3 6883 0 4
boy151 2 0 8062 0 0
boy152 4 3 8462 2 1
boy153 4 4 1996 2 4
boy154 3 0 8851 1 3
boy155 2 0 1487 0 3
boy156 2 2 4074 2 0
boy157 2 3 3548 1 2
boy158 0 0 9728 2 0
boy159 2 4 9784 0 1
boy160 0 0 2849 2 4
boy161 4 3 8333 2 2
boy162 3 3 7031 0 4
boy163 2 1 1779 1 0
boy164 4 0 3325 1 3
boy165 2 4 9604 0 1
boy166 2 2 4442 0 4
boy167 1 1 1565 2 2
boy168 3 1 927 2 1
boy169 2 0 2516 2 4
boy170 1 1 3330 2 4
boy171 4 0 7645 2 2
boy172 0 2 6345 0 1
boy173 1 2 1129 2 1
boy174 3 1 4175 1 2
boy175 4 0 4776 0 1
boy176 2 4 2186 0 2
boy177 4 2 7554 0 1
boy178 4 3 2403 1 1
boy179 2 2 6795 0 2
boy180 1 4 8792 2 2
boy181 3 2 4943 1 3
boy182 1 3 9648 2 4
boy183 1 3 3085 2 3
boy184 0 4 9113 1 3
boy185 2 4 4972 0 4
boy186 3 0 8019 1 2
boy187 0 4 2174 2 3
boy188 2 3 8780 2 0
boy189 1 2 42 0 2
boy190 1 2 4955 0 2
boy191 1 3 6397 2 2
boy192 1 1 1254 1 0
boy193 1 0 4822 1 3
boy194 0 2 1440 0 0
boy195 2 4 5497 2 3
boy196 3 4 3508 1 1
boy197 4 1 2698 2 2
boy198 3 2 8984 1 4
boy199 0 0 5688 2 1
boy200 0 4 8540 0 2
boy201 2 0 208 1 0
boy202 3 0 9722 1 0
boy203 3 4 5349 0 0
boy204 4 0 9760 0 0
boy205 4 4 4087 1 4
boy206 1 0 7803 0 1
boy207 3 2 8219 2 4
boy208 0 2 6207 0 3
boy209 1 4 2093 1 1
boy210 3 1 5882 2 3
boy211 0 3 2227 2 1
boy212 0 3 1096 2 2
boy213 4 3 1718 1 3
boy214 3 4 5127 0 2
boy215 1 0 5166 0 1
boy216 0 2 4475 0 1
boy217 1 2 9518 0 0
boy218 2 0 5818 0 1
boy219 1 4 2207 1 3
boy220 3 1 6950 0 3
boy221 2 0 6458 0 4
boy222 1 2 6953 2 3
boy223 3 0 8809 2 1
boy224 0 2 5624 1 2
boy225 0 2 6165 0 3
boy226 0 3 8762 2 1
boy227 3 1 7546 1 4
boy228 4 1 9264 1 1
boy229 1 4 8224 2 4
boy230 3 4 2828 2 1
boy231 2 0 2348 0 1
boy232 0 3 2553 0 3
boy233 4 4 938 2 3
boy234 3 2 1429 2 3
boy235 0 0 5339 0 1
boy236 3 0 8800 0 1
boy237 0 3 3106 0 3
boy238 4 3 1572 1 1
boy239 0 2 2986 2 3
boy240 2 3 7908 2 2
boy241 1 3 2873 0 2
boy242 1 4 8667 1 4
boy243 3 1 8519 0 1
boy244 0 3 7357 2 2
boy245 0 2 5768 1 3
boy246 1 0 3192 1 1
boy247 0 2 9482 0 0
boy248 1 0 9521 0 3
boy249 1 2 9554 2 1
boy250 0 3 2975 1 0
boy251 1 4 1731 1 0
boy252 4 0 4381 1 1
boy253 1 0 5798 2 0
boy254 1 4 3260 1 1
boy255 4 3 7819 0 2
boy256 1 4 3503 0 4
boy257 4 0 2295 1 2
boy258 3 3 8940 2 3
boy259 2 1 5752 2 0
boy260 4 3 3395 1 2
boy261 1 1 2016 2 1
boy262 1 1 8648 1 0
boy263 1 4 1322 0 2
boy264 1 2 665 2 3
boy265 3 3 242 1 4
boy266 1 4 8949 0 4
boy267 4 2 2164 0 3
boy268 1 2 4545 1 1
boy269 1 2 8896 2 3
boy270 0 4 2547 2 3
boy271 4 3 7235 2 3
boy272 1 0 3262 0 0
boy273 1 4 5251 1 1
boy274 3 0 9112 0 3
boy275 1 1 4878 0 4
boy276 4 4 3216 1 1
boy277 1 0 3277 1 3
boy278 0 2 3108 1 2
boy279 2 4 249 2 2
boy280 3 0 767 0 1
boy281 0 2 472 2 2
boy282 4 2 678 1 1
boy283 2 2 2202 1 2
boy284 4 3 9864 2 3
boy285 4 0 3660 0 1
boy286 0 3 9742 1 0
boy287 3 0 2840 1 2
boy288 1 3 6404 0 3
boy289 2 0 6950 0 0
boy290 2 0 478 0 2
boy291 1 2 7210 0 1
boy292 4 3 9812 2 2
boy293 2 1 4160 1 3
boy294 4 3 3445 2 3
boy295 3 4 2878 0 1
boy296 0 4 7002 0 1
boy297 3 4 1360 0 4
boy298 3 3 1212 2 3
boy299 4 4 1071 2 4
boy300 2 1 2809 0 2
boy301 4 4 4567 0 4
boy302 2 2 2145 1 1
boy303 2 2 6491 1 1
boy304 4 0 5128 1 1
boy305 0 1 7215 1 3
boy306 3 2 5481 2 2
boy307 0 4 779 0 1
boy308 3 4 6489 1 3
boy309 2 1 2164 2 4
boy310 0 1 8156 1 3
boy311 2 0 1009 0 0
boy312 3 0 331 0 0
boy313 1 0 2664 1 2
boy314 3 0 99 0 2
boy315 4 0 6894 2 1
boy316 3 0 6223 2 2
boy317 0 2 4590 2 4
boy318 0 0 929 2 3
boy319 0 0 9627 1 0
boy320 4 2 8222 2 0
boy321 1 0 6167 0 4
boy322 2 2 5543 1 1
boy323 0 2 233 1 4
boy324 0 3 9773 1 4
boy325 4 3 790 1 4
boy326 3 3 8138 1 4
boy327 4 4 915 1 3
boy328 4 2 9629 1 2
boy329 1 4 9788 2 1
boy330 1 2 7622 2 1
boy331 0 1 6494 0 0
boy332 0 0 3857 2 2
boy333 4 3 9205 2 0
boy334 2 2 7440 0 3
boy335 3 4 9005 1 2
boy336 4 0 8152 1 3
boy337 0 2 6019 2 1
boy338 0 4 838 0 1
boy339 4 1 4583 1 3
boy340 1 3 2785 0 2
boy341 3 1 1553 2 0
boy342 2 2 1553 2 0
boy343 0 4 7116 0 0
boy344 4 1 8373 0 4
boy345 0 2 7946 2 2
boy346 2 2 7806 2 2
boy347 3 1 8871 1 0
boy348 0 1 9526 2 2
boy349 3 1 5679 0 4
boy350 1 1 4895 1 0
boy351 3 0 4086 2 0
boy352 2 3 5110 2 3
boy353 2 4 648 0 1
boy354 4 0 2915 1 2
boy355 3 3 7660 1 3
boy356 3 3 8257 0 4
boy357 0 0 2965 0 4
boy358 2 4 159 1 2
boy359 1 2 4566 2 0
boy360 4 4 8731 0 1
boy361 2 3 8686 1 3
boy362 4 1 3229 0 2
boy363 3 0 4568 1 2
boy364 1 4 7744 0 1
boy365 0 1 1212 2 2
boy366 1 2 1762 0 3
boy367 4 1 7622 1 2
boy368 0 3 2009 0 1
boy369 4 1 4424 2 4
boy370 0 3 2506 2 2
boy371 0 0 2982 1 0
boy372 4 3 8939 0 3
boy373 1 0 3997 2 0
boy374 1 4 6061 1 0
boy375 1 4 7010 2 3
boy376 0 0 8167 0 4
boy377 0 2 8938 2 3
boy378 4 0 273 1 0
boy379 1 3 1537 2 0
boy380 0 3 274 2 2
boy381 4 2 9749 2 3
boy382 0 2 3787 0 4
boy383 4 3 64 1 3
boy384 1 3 3069 1 2
boy385 0 0 8907 1 4
boy386 2 1 1226 1 0
boy387 3 0 2940 1 1
boy388 2 1 1453 1 1
boy389 3 1 9097 0 2
boy390 0 2 9248 1 1
boy391 1 0 594 1 2
boy392 0 2 7430 2 2
boy393 1 0 7439 1 4
boy394 0 2 3894 2 3
boy395 2 3 2119 0 3
boy396 4 3 9201 2 2
boy397 4 3 5831 1 1
boy398 3 3 9503 1 0
boy399 4 3 3541 1 1
boy400 3 3 2493 1 0
boy401 0 0 6932 0 0
boy402 4 0 4450 1 2
boy403 0 1 6899 0 1
boy404 0 2 8597 0 2
boy405 1 3 2350 2 2
boy406 3 1 1505 2 4
boy407 4 4 7014 2 1
boy408 3 0 6619 1 1
boy409 2 3 4108 0 0
boy410 0 0 9347 1 1
boy411 4 1 1259 0 0
boy412 0 1 1618 0 1
boy413 3 0 8963 0 3
boy414 4 2 9546 1 3
boy415 4 1 4913 0 3
boy416 0 1 3949 2 1
boy417 0 1 7734 2 3
boy418 4 4 1511 2 3
boy419 2 2 8592 0 0
boy420 2 1 3377 1 3
boy421 4 2 717 2 2
boy422 0 1 7072 0 0
boy423 1 2 5951 0 3
boy424 0 4 1031 2 0
boy425 4 3 5595 1 0
boy426 4 0 2546 0 2
boy427 4 1 5465 1 1
boy428 3 2 9990 1 2
boy429 4 0 1964 1 0
boy430 4 2 7391 1 4
boy431 1 3 985 0 3
boy432 0 2 1887 0 1
boy433 0 3 1679 0 0
boy434 2 0 6626 2 4
boy435 3 3 567 2 3
boy436 3 3 1573 1 1
boy437 0 4 73 0 0
boy438 4 2 7563 2 3
boy439 3 2 51 0 3
boy440 4 0 8665 0 0
boy441 2 0 8051 2 0
boy442 4 1 1663 0 1
boy443 2 2 1845 0 2
boy444 0 3 2566 1 2
boy445 1 2 6255 0 4
boy446 1 4 118 2 0
boy447 0 3 1890 2 3
boy448 0 1 9748 0 0
boy449 3 0 7085 2 4
boy450 3 1 1052 2 1
boy451 1 4 7135 2 2
boy452 1 0 2160 1 2
boy453 0 0 7195 1 1
boy454 3 0 55 1 0
boy455 1 0 8217 2 0
boy456 3 3 4943 1 0
boy457 4 2 7945 1 0
boy458 1 0 7668 1 4
boy459 2 2 7407 0 4
boy460 2 2 7587 0 3
boy461 3 4 9100 0 3
boy462 2 3 1863 1 3
boy463 3 0 4535 2 4
boy464 0 1 8740 1 1
boy465 0 3 6131 0 3
boy466 2 0 1678 2 0
boy467 1 0 207 0 4
boy468 4 2 6014 1 1
boy469 4 1 3192 0 4
boy470 2 3 4997 0 0
boy471 0 0 2577 0 2
boy472 4 0 595 0 1
boy473 2 3 8279 2 4
boy474 0 2 8509 1 3
boy475 0 2 1772 1 3
boy476 1 4 8962 2 0
boy477 1 4 4888 0 3
boy478 0 3 7343 1 2
boy479 2 3 5749 1 3
boy480 3 3 8151 0 3
boy481 3 1 5852 2 2
boy482 0 2 623 0 2
boy483 1 3 2391 2 4
boy484 4 2 5703 1 2
boy485 0 3 250 1 2
boy486 4 1 3155 1 3
boy487 1 3 8224 0 4
boy488 4 1 6588 2 1
boy489 3 3 6444 2 4
boy490 1 2 6728 2 3
boy491 3 1 5132 0 3
boy492 2 2 597 0 3
boy493 3 3 8872 1 3
boy494 3 1 954 1 2
boy495 2 3 7779 0 2
boy496 3 0 6389 0 3
boy497 0 3 7271 2 4
boy498 3 3 4269 2 2
boy499 3 0 738 1 2
10
gift0 2 3859
gift1 1 4236
gift2 0 4825
gift3 2 3329
gift4 1 2085
gift5 1 767
gift6 0 7489
gift7 2 1656
gift8 1 6815
gift9 2 3461
50
50
30


